fold: 0
scores: [0.691918671131134, 0.754971444606781]
scores with og test: [1.231775164604187, 0.653564453125]
