fold: 2
scores: [0.17052459716796875, 0.9393143057823181]
scores with og test: [1.9324690103530884, 0.7294921875]
