fold: 4
scores: [0.7071877121925354, 0.7526857256889343]
scores with og test: [1.319935917854309, 0.622802734375]
