fold: 4
scores: [0.1736663579940796, 0.9371428489685059]
scores with og test: [1.9923458099365234, 0.708251953125]
