fold: 3
scores: [0.6845630407333374, 0.7510856986045837]
scores with og test: [1.265393853187561, 0.601318359375]
