fold: 1
scores: [0.8780356645584106, 0.6874285936355591]
scores with og test: [1.3085038661956787, 0.578857421875]
