fold: 2
scores: [0.680932343006134, 0.7513142824172974]
scores with og test: [1.1513993740081787, 0.661865234375]
