fold: 0
scores: [0.17104651033878326, 0.941257119178772]
scores with og test: [1.9130806922912598, 0.717529296875]
