fold: 3
scores: [0.1762637346982956, 0.9416000247001648]
scores with og test: [1.4828907251358032, 0.737060546875]
