fold: 1
scores: [0.17432406544685364, 0.9393143057823181]
scores with og test: [1.9758074283599854, 0.72216796875]
